[[1.14850542e-05 1.32168322e-04 8.07550515e-04]
 [1.45427081e-04 1.24698729e-03 5.18398264e-03]
 [1.27133399e-03 6.85585923e-03 3.39244409e-02]
 [7.04304000e-03 3.99794052e-02 1.46022708e-01]
 [5.69184225e-02 1.46741090e-01 5.95341177e-01]
 [2.19079890e-01 5.30874435e-01 1.77303415e+00]
 [7.65881501e-01 1.47063896e+00 3.56023279e+00]
 [2.34146822e+00 3.50882589e+00 4.99808495e+00]
 [3.81281719e+00 5.76562786e+00 4.01991167e+00]
 [5.02093546e+00 4.12482071e+00 3.54085731e+00]
 [4.56585551e+00 3.48919875e+00 3.06348295e+00]
 [4.09043539e+00 3.12406134e+00 2.69357265e+00]
 [3.67262455e+00 2.74391008e+00 2.39945887e+00]
 [3.32054363e+00 2.38113763e+00 2.11006559e+00]
 [3.00572707e+00 2.14211498e+00 1.88023041e+00]
 [2.70670907e+00 1.87477470e+00 1.64248211e+00]
 [2.46232254e+00 1.65454251e+00 1.44581754e+00]
 [2.21025959e+00 1.46471506e+00 1.25441387e+00]
 [1.99992609e+00 1.24765229e+00 1.08520634e+00]
 [1.80529972e+00 1.08276705e+00 9.73183517e-01]
 [1.61457646e+00 9.69841337e-01 8.16765845e-01]
 [1.47327043e+00 7.98014174e-01 7.43210006e-01]
 [1.32346521e+00 7.24886281e-01 5.91594791e-01]
 [1.18908686e+00 6.06478835e-01 5.23278393e-01]
 [1.06460962e+00 5.32999247e-01 4.60825850e-01]
 [9.61408812e-01 4.48587150e-01 3.94399265e-01]
 [8.62330863e-01 4.10080912e-01 3.34766509e-01]
 [7.73417911e-01 3.25134972e-01 2.84956719e-01]
 [7.00898792e-01 2.88985536e-01 2.43030012e-01]
 [6.36394058e-01 2.40024044e-01 1.99028440e-01]
 [5.69729659e-01 2.02811757e-01 1.31725612e-01]
 [2.14522280e-01 6.99833446e-02 3.10794265e-02]
 [8.22388258e-02 1.78453411e-02 7.50067421e-03]
 [2.17342723e-02 3.40654320e-03 9.47087515e-04]
 [3.77677929e-03 5.43504910e-04 1.36995085e-04]
 [9.89159647e-04 7.63857915e-05 2.18876644e-05]
 [7.22266420e-05 1.42993243e-05 4.50463095e-06]
 [1.99620152e-05 1.01254166e-06 3.23425028e-07]
 [2.69524101e-06 3.43165428e-07 4.24512163e-08]
 [1.79191462e-07 1.11548137e-08 1.22772288e-09]
 [1.39554598e-08 8.62424005e-10 3.10617153e-10]
 [1.58282884e-09 9.36091071e-11 4.04492666e-12]
 [5.35590881e-11 4.20915924e-12 2.06553430e-12]
 [2.16995647e-11 1.39968470e-12 2.76327114e-13]
 [2.44058142e-12 3.15336009e-13 1.95735485e-14]
 [1.31577809e-13 1.26691826e-15 2.49924284e-16]
 [7.80925519e-15 1.49368202e-15 4.84956790e-17]
 [1.33585105e-15 5.82614481e-17 1.19815936e-17]
 [9.92285397e-17 2.44383552e-18 1.07081553e-19]
 [1.38906060e-17 7.40883864e-20 1.12787721e-22]
 [3.23043974e-20 5.46837347e-22 1.80290405e-23]
 [8.53683114e-22 6.50722753e-24 6.60239366e-25]
 [6.62548551e-23 1.38837118e-24 1.19254929e-24]
 [7.35449631e-25 1.34632600e-26 1.55387669e-27]
 [1.91112447e-26 7.89560978e-28 9.84677692e-29]
 [1.84374453e-27 2.89134564e-28 5.59155594e-30]
 [2.20683098e-28 1.56901685e-29 3.45159308e-31]
 [1.19100273e-29 3.13124061e-32 5.76558202e-33]
 [3.41008035e-33 6.81141734e-33 2.42378888e-36]
 [1.97678152e-35 8.16769448e-37 1.79160775e-37]
 [2.09317831e-35 1.64519757e-37 1.96290720e-38]
 [5.05318817e-37 5.56116672e-38 1.26450653e-38]
 [7.25946018e-38 2.09469148e-39 2.07114361e-40]
 [1.22533708e-38 7.31687809e-41 7.35205468e-41]
 [1.78102815e-40 9.65046574e-43 6.73425502e-47]
 [3.13579012e-43 9.57958624e-43 6.66434001e-47]
 [1.05192964e-46 7.10861341e-49 2.10085573e-60]
 [2.33283704e-58 7.04989064e-61 3.87550896e-66]
 [4.30609935e-64 7.63937942e-66 2.87772494e-73]
 [1.70836333e-71 1.02966288e-73 9.25393103e-75]
 [6.81352614e-73 6.71357330e-75 2.85441487e-76]
 [2.07350034e-75 1.85344185e-75 0.00000000e+00]
 [2.36389849e-76 2.08113919e-77 0.00000000e+00]
 [8.86826015e-80 0.00000000e+00 0.00000000e+00]
 [4.45417162e-80 0.00000000e+00 3.60787901e-84]
 [4.00875446e-82 7.17967923e-84 3.56852037e-84]
 [3.60787901e-84 3.59706619e-84 3.24060047e-86]
 [6.45849669e-86 0.00000000e+00 5.23138232e-90]
 [5.81264702e-88 0.00000000e+00 0.00000000e+00]
 [0.00000000e+00 0.00000000e+00 0.00000000e+00]
 [0.00000000e+00 0.00000000e+00 0.00000000e+00]
 [0.00000000e+00 0.00000000e+00 0.00000000e+00]
 [0.00000000e+00 0.00000000e+00 0.00000000e+00]
 [0.00000000e+00 0.00000000e+00 0.00000000e+00]
 [0.00000000e+00 4.70590037e-31 3.55719312e-28]
 [2.51577781e-28 1.67186964e-26 4.45661828e-26]
 [2.26530731e-26 5.06761938e-26 1.93779933e-24]
 [1.31408477e-25 3.36007395e-26 7.08722006e-24]
 [2.55773580e-24 5.06788706e-23 2.40360383e-22]
 [4.29052125e-24 6.30318462e-23 5.24287397e-21]
 [1.85052422e-22 1.51822837e-21 4.10625513e-20]
 [9.67481210e-22 6.96801315e-19 3.28936708e-18]
 [3.91161956e-20 8.01660434e-18 4.69477565e-14]
 [3.66075767e-16 1.34915353e-14 2.73970717e-12]
 [4.87908398e-17 1.01857438e-12 9.85134869e-11]
 [3.03297278e-11 4.06383563e-11 2.33078712e-09]
 [2.02683319e-11 6.71287919e-09 8.17124793e-08]
 [9.10489381e-09 1.10267713e-07 5.84142311e-07]
 [8.20816434e-08 9.01546640e-07 2.03325050e-05]
 [5.82193614e-07 1.06355562e-05 1.15235170e-04]]