[[1.60332742e-05 7.63288269e-05 1.28521946e-03]
 [1.84386298e-04 5.58171583e-04 1.04948260e-02]
 [2.01603109e-03 6.91952758e-03 4.69389862e-02]
 [9.86304404e-03 5.10360811e-02 2.90918458e-01]
 [7.36419902e-02 2.55410965e-01 9.18263639e-01]
 [3.92240034e-01 8.27341671e-01 2.15317745e+00]
 [1.18001211e+00 1.88181825e+00 3.53583557e+00]
 [2.47826651e+00 3.52180985e+00 5.06855669e+00]
 [3.69004732e+00 5.68371307e+00 3.84067126e+00]
 [5.00520717e+00 3.94161427e+00 3.41635035e+00]
 [4.56062286e+00 3.37645897e+00 2.97931534e+00]
 [4.15304013e+00 3.05391700e+00 2.66578212e+00]
 [3.73225416e+00 2.66797449e+00 2.34827900e+00]
 [3.37526843e+00 2.32563608e+00 2.04669845e+00]
 [3.05280301e+00 2.06193966e+00 1.82714020e+00]
 [2.73214008e+00 1.81027957e+00 1.57135082e+00]
 [2.44418634e+00 1.61707246e+00 1.40572201e+00]
 [2.19947592e+00 1.36913139e+00 1.20767781e+00]
 [1.96261748e+00 1.22692255e+00 1.04332062e+00]
 [1.77435121e+00 1.03780682e+00 9.16749398e-01]
 [1.60316162e+00 9.10688669e-01 7.82533803e-01]
 [1.44371859e+00 8.00746321e-01 6.77408503e-01]
 [1.29508894e+00 6.84657526e-01 5.89935699e-01]
 [1.17019802e+00 5.90505025e-01 4.94138363e-01]
 [1.05335916e+00 5.23441446e-01 4.26980339e-01]
 [9.51206917e-01 4.24187629e-01 3.65498955e-01]
 [8.56483881e-01 3.83200347e-01 3.20984754e-01]
 [7.74560048e-01 3.31182157e-01 2.85170479e-01]
 [6.99644967e-01 2.77164370e-01 2.29224453e-01]
 [6.31383567e-01 2.30293577e-01 1.93958359e-01]
 [5.71677057e-01 1.94754015e-01 1.28170087e-01]
 [2.07830384e-01 6.01165561e-02 2.91296067e-02]
 [7.95095512e-02 1.68840012e-02 6.01758845e-03]
 [1.96054917e-02 2.54512128e-03 1.46127949e-03]
 [3.47242439e-03 6.01022813e-04 2.21075701e-04]
 [9.48686898e-04 1.68615034e-04 5.11114203e-05]
 [1.97462777e-04 3.94713356e-05 9.29892470e-06]
 [3.87805753e-05 5.38336719e-06 1.69647628e-06]
 [6.47172632e-06 1.16107899e-06 4.59314097e-07]
 [1.93251622e-06 3.05886426e-07 5.33593426e-08]
 [3.43875400e-07 3.61896992e-08 7.43260047e-09]
 [4.44357517e-08 5.87429440e-09 6.33540637e-10]
 [5.54000370e-09 1.07607505e-10 3.86222647e-11]
 [9.12682688e-10 6.05110973e-11 2.65438083e-12]
 [3.12677768e-11 9.10872340e-12 6.18644089e-13]
 [3.49265246e-12 7.42105055e-13 8.00092492e-14]
 [5.57581287e-13 6.31804311e-14 7.19733959e-15]
 [5.77436850e-14 5.33719817e-15 5.85514427e-16]
 [5.54902487e-15 1.51626028e-15 2.10513209e-16]
 [1.07210856e-15 1.80105166e-16 1.63597046e-17]
 [1.89337801e-16 1.39979881e-17 1.81061696e-19]
 [1.14695871e-17 1.22376526e-18 1.13274589e-19]
 [5.67557643e-19 1.04518735e-20 4.75509678e-22]
 [4.00103003e-20 8.02116598e-22 3.97852420e-27]
 [3.60808320e-22 5.16670231e-27 1.64050822e-28]
 [1.23293340e-24 5.94663051e-29 1.06488628e-29]
 [3.79333368e-28 2.73779686e-29 5.81583926e-30]
 [3.94249762e-29 1.72705521e-30 7.80724960e-31]
 [4.58004234e-30 4.76613170e-31 1.51806722e-32]
 [3.07570572e-31 8.45102745e-32 2.36737976e-35]
 [2.61716140e-33 1.88594569e-33 6.02823561e-38]
 [2.32397242e-35 8.93544225e-38 2.33505313e-39]
 [1.02205196e-37 1.48875091e-39 7.47290882e-41]
 [1.22859413e-39 6.55330855e-40 6.37929897e-42]
 [2.38622193e-40 9.38215707e-42 4.47261599e-44]
 [4.77030516e-42 4.97386183e-44 4.42432262e-45]
 [1.37936023e-44 3.21429485e-45 3.62282594e-46]
 [1.27685059e-44 4.77424701e-46 3.83135639e-47]
 [7.17206801e-46 1.14206535e-46 6.53092435e-48]
 [4.33337683e-47 9.75684735e-48 1.04876041e-48]
 [7.25777210e-48 2.06341534e-49 5.43082105e-50]
 [9.94073144e-49 1.25547607e-49 9.11581862e-51]
 [1.29271964e-49 4.39148582e-51 2.84991938e-52]
 [1.08011687e-50 4.63198909e-52 1.99967870e-52]
 [1.52029821e-51 3.41621151e-53 6.70351493e-55]
 [2.73657483e-53 1.87369872e-54 1.41010660e-56]
 [8.37567566e-54 1.56780714e-56 3.05788579e-57]
 [4.13641800e-56 8.98719699e-57 5.54666552e-58]
 [7.26535796e-57 3.18591120e-58 6.10149391e-61]
 [1.25315565e-58 6.11398431e-59 5.78044674e-61]
 [1.85563823e-60 7.07441916e-63 7.75923219e-63]
 [6.09827558e-61 7.48865371e-64 1.33188152e-67]
 [1.47952582e-65 0.00000000e+00 6.02358477e-70]
 [1.29313118e-64 0.00000000e+00 5.96334892e-70]
 [0.00000000e+00 6.02358477e-70 0.00000000e+00]
 [0.00000000e+00 0.00000000e+00 1.03087414e-29]
 [9.27786722e-32 5.18027204e-30 1.99274132e-27]
 [2.55915799e-29 1.42775092e-27 1.26508985e-25]
 [3.33927849e-26 3.55659092e-24 7.16836991e-24]
 [3.26750793e-26 3.66808927e-24 4.14007938e-22]
 [1.42104976e-23 4.58745795e-22 1.97486742e-21]
 [8.36432239e-22 3.96817952e-21 4.66352730e-17]
 [1.75638535e-21 4.38353178e-15 5.17685672e-15]
 [8.59566547e-16 2.97524251e-14 7.03707821e-13]
 [2.68426391e-15 2.03321653e-11 6.88086335e-11]
 [2.55032414e-12 6.22341655e-10 4.96156233e-09]
 [1.07673713e-10 3.30803879e-09 5.60804098e-08]
 [2.92849515e-09 6.08010054e-08 6.67219980e-07]
 [7.16349015e-08 3.99441502e-07 6.78799989e-06]
 [1.25667248e-06 3.55572030e-06 1.03370471e-04]]