[[6.27905442e-07 1.45130493e-05 2.02609280e-04]
 [3.56812582e-05 2.86599508e-04 2.58817003e-03]
 [4.27782290e-04 1.71737917e-03 2.52008330e-02]
 [4.75221621e-03 2.02388745e-02 1.44343837e-01]
 [3.33260890e-02 1.54056631e-01 7.51002067e-01]
 [2.51746194e-01 6.66132720e-01 2.02907763e+00]
 [9.77944698e-01 1.72443485e+00 3.46989394e+00]
 [2.45062315e+00 3.43817054e+00 5.08568613e+00]
 [3.83128591e+00 5.88469992e+00 3.93917428e+00]
 [5.08610586e+00 4.06389953e+00 3.53447927e+00]
 [4.62431240e+00 3.50365934e+00 3.13586329e+00]
 [4.16474422e+00 3.06811371e+00 2.71182212e+00]
 [3.75956147e+00 2.71851178e+00 2.38309935e+00]
 [3.36113345e+00 2.40106750e+00 2.11242211e+00]
 [3.01928600e+00 2.08309646e+00 1.85170839e+00]
 [2.69994877e+00 1.87475588e+00 1.58444563e+00]
 [2.43070120e+00 1.62379351e+00 1.44520142e+00]
 [2.18095309e+00 1.40743956e+00 1.25000112e+00]
 [1.93826817e+00 1.24748252e+00 1.08274770e+00]
 [1.76279303e+00 1.06833525e+00 9.48996680e-01]
 [1.59393175e+00 9.53726965e-01 8.40681968e-01]
 [1.44691584e+00 8.04301006e-01 7.10492686e-01]
 [1.30533754e+00 7.37760502e-01 6.23598011e-01]
 [1.18785019e+00 6.08896102e-01 5.31921715e-01]
 [1.07429759e+00 5.41958096e-01 4.76652059e-01]
 [9.71113826e-01 4.57411743e-01 4.10342373e-01]
 [8.73352079e-01 3.98535520e-01 3.27937734e-01]
 [7.93141282e-01 3.23727041e-01 2.96245463e-01]
 [7.14880182e-01 2.85241568e-01 2.41490863e-01]
 [6.45999050e-01 2.59190862e-01 2.05924373e-01]
 [5.85853192e-01 2.07559367e-01 1.42696100e-01]
 [2.23861268e-01 6.61539976e-02 3.86242970e-02]
 [8.64551054e-02 1.64415990e-02 7.18831997e-03]
 [2.71535448e-02 3.89418385e-03 9.18747229e-04]
 [4.95999240e-03 5.82175328e-04 1.38456170e-04]
 [6.43463684e-04 7.21896182e-05 1.67429746e-05]
 [8.82351338e-05 1.28476584e-05 2.51056762e-06]
 [1.05309043e-05 3.07566859e-06 1.40076367e-07]
 [1.61977401e-06 1.48298665e-07 2.75716297e-08]
 [1.44259131e-07 1.03947760e-08 1.83346555e-09]
 [1.24317437e-08 2.07767017e-09 4.03298687e-10]
 [2.94284492e-09 3.28858937e-10 7.97633790e-11]
 [4.22738227e-10 3.76767209e-11 9.09467065e-12]
 [7.02397078e-11 6.61964622e-12 3.43226663e-13]
 [7.56364946e-12 1.51459226e-12 5.01003634e-14]
 [4.32399503e-13 6.58669532e-14 7.72386356e-15]
 [7.21862373e-14 6.38199873e-15 6.75968291e-16]
 [9.30403219e-15 1.49379662e-15 2.71393234e-17]
 [5.47817663e-16 3.38414144e-17 3.75773749e-18]
 [1.74572605e-17 1.18607065e-19 5.11141026e-20]
 [4.08613152e-19 9.39245763e-21 2.56955837e-21]
 [8.09619260e-21 3.99666045e-21 3.76946224e-23]
 [5.81811616e-22 2.76405803e-23 5.00523073e-24]
 [7.28960612e-23 5.58017408e-24 4.73334321e-25]
 [1.15116160e-23 2.47157930e-24 5.06828149e-26]
 [1.51547909e-24 1.46973533e-25 1.03993992e-26]
 [6.39812044e-26 1.62573838e-26 7.65786912e-28]
 [2.33231384e-27 3.11934393e-29 1.50152336e-29]
 [2.11262626e-29 8.66082239e-32 3.52118983e-33]
 [1.70458869e-32 2.50033398e-33 2.24493336e-35]
 [7.10525809e-34 1.37081715e-34 2.14017436e-37]
 [1.12475002e-34 3.68983325e-36 5.62561020e-38]
 [4.17003265e-37 2.12601750e-38 1.25199284e-39]
 [8.17831283e-38 1.76929302e-40 5.11999246e-41]
 [4.16620746e-40 8.72163331e-41 2.66841875e-43]
 [1.38183426e-41 9.74273127e-43 1.72790797e-44]
 [6.10026761e-44 9.20293257e-45 6.25918957e-48]
 [1.19648287e-45 6.77550750e-48 7.82899335e-50]
 [1.35665225e-47 1.90957132e-57 1.37860120e-54]
 [1.34640629e-57 1.21729212e-59 1.53020760e-52]
 [3.38684583e-50 1.29994770e-59 1.13155151e-61]
 [1.23452256e-59 1.53173933e-52 1.08999274e-63]
 [1.15182791e-61 1.37856539e-54 1.15798362e-66]
 [7.37342178e-65 1.03490234e-63 8.39949958e-68]
 [1.85722268e-65 2.95512303e-81 3.50321072e-81]
 [3.26460432e-79 9.73894868e-81 9.36068378e-83]
 [6.92130768e-81 1.58164014e-83 0.00000000e+00]
 [1.58164014e-83 0.00000000e+00 0.00000000e+00]
 [0.00000000e+00 0.00000000e+00 0.00000000e+00]
 [0.00000000e+00 0.00000000e+00 0.00000000e+00]
 [0.00000000e+00 0.00000000e+00 0.00000000e+00]
 [0.00000000e+00 0.00000000e+00 0.00000000e+00]
 [0.00000000e+00 0.00000000e+00 0.00000000e+00]
 [0.00000000e+00 0.00000000e+00 0.00000000e+00]
 [0.00000000e+00 0.00000000e+00 0.00000000e+00]
 [0.00000000e+00 0.00000000e+00 0.00000000e+00]
 [0.00000000e+00 0.00000000e+00 0.00000000e+00]
 [0.00000000e+00 0.00000000e+00 0.00000000e+00]
 [0.00000000e+00 0.00000000e+00 0.00000000e+00]
 [0.00000000e+00 0.00000000e+00 0.00000000e+00]
 [0.00000000e+00 0.00000000e+00 0.00000000e+00]
 [0.00000000e+00 0.00000000e+00 0.00000000e+00]
 [0.00000000e+00 0.00000000e+00 0.00000000e+00]
 [0.00000000e+00 0.00000000e+00 0.00000000e+00]
 [0.00000000e+00 0.00000000e+00 0.00000000e+00]
 [0.00000000e+00 0.00000000e+00 5.33964328e-13]
 [7.57927232e-13 1.12747695e-11 1.81236520e-09]
 [3.61306413e-11 4.70432037e-09 7.66117335e-08]
 [1.18937405e-08 3.51512168e-08 8.15369453e-07]
 [1.01913022e-07 2.11325004e-06 3.13667952e-05]]