[[2.32613418 1.5132913  1.23648272]
 [2.09650252 1.19614834 0.9408004 ]
 [1.90862009 0.88586574 0.66859993]
 [1.73931927 0.55083005 0.43038003]
 [1.56146781 0.38279177 0.35804917]
 [0.40866234 0.37867108 1.5325304 ]
 [0.42186932 0.54495678 1.73962325]
 [0.68797249 0.903148   1.90920563]
 [0.96628683 1.13666419 2.09616655]
 [1.23906423 1.4727504  2.30571599]
 [1.6138338  1.82678915 2.56660527]
 [1.93508662 2.8115849  2.30997493]
 [2.02220115 3.14296609 2.03054117]
 [2.30320762 2.82399316 1.92932558]
 [2.55253375 1.86752611 1.60098715]]