[[ 7.29       6.561      5.9049   ]
 [ 6.561      5.9049     5.31441  ]
 [ 5.9049     5.31441    4.782969 ]
 [ 5.31441    4.782969   4.3046721]
 [ 4.782969   4.3046721  4.3046721]
 [ 4.3046721  4.3046721  4.782969 ]
 [ 4.3046721  4.782969   5.31441  ]
 [ 4.782969   5.31441    5.9049   ]
 [ 5.31441    5.9049     6.561    ]
 [ 5.9049     6.561      7.29     ]
 [ 6.561      7.29       8.1      ]
 [ 7.29       8.1        9.       ]
 [ 8.1       10.         8.1      ]
 [ 9.         8.1        7.29     ]
 [ 8.1        7.29       6.561    ]]