[[7.28922144 3.97068908 3.09130351]
 [6.55988902 2.80949194 1.98912258]
 [5.90282107 1.96194101 1.22707236]
 [5.30754135 0.99915785 0.55448508]
 [4.68920598 0.41929177 0.45147231]
 [0.39702917 0.40472654 4.70377929]
 [0.4874353  0.85474073 5.30818282]
 [1.11842423 1.90005802 5.90290966]
 [2.08493867 3.02158767 6.55984447]
 [2.90711545 3.91331437 7.28919642]
 [4.17406086 5.05401469 8.09937547]
 [5.25109107 6.06260333 8.99947918]
 [6.48510177 9.99954827 6.57832295]
 [8.99948827 6.3794275  5.21682601]
 [8.0993893  5.05908528 4.12837886]]